0,254.06767,63.985252,-211.33403,-0.13906589,-86.84901,0.0,1,1,0.75960976,0,5,24,30,24,30,0,0,0,0,0,0,0,0,0,0,0,1,1,1,0,0,0,0,0,0,0,0
0,266.1103,63.92725,-212.14247,-0.41344047,-85.460236,0.0,1,1,0.74923825,0,5,24,30,24,30,0,0,0,0,0,0,0,0,0,0,0,1,1,1,0,0,0,0,0,0,0,0
0,277.9629,63.81375,-213.22769,-0.6810972,-84.06701,0.0,1,1,0.73871577,0,5,24,30,24,30,0,0,0,0,0,0,0,0,0,0,0,1,1,1,0,0,0,0,0,0,0,0
0,289.61627,63.64775,-214.58176,-0.9419856,-82.66728,0.0,1,1,0.7280173,0,5,24,30,24,30,0,0,0,0,0,0,0,0,0,0,0,1,1,1,0,0,0,0,0,0,0,0
0,301.06122,63.43225,-216.19669,-1.1960251,-81.258865,0.0,1,1,0.71713835,0,5,24,30,24,30,0,0,0,0,0,0,0,0,0,0,0,1,1,1,0,0,0,0,0,0,0,0
0,312.2886,63.17025,-218.06448,-1.4430752,-79.839294,0.0,1,1,0.7060607,0,5,24,30,24,30,0,0,0,0,0,0,0,0,0,0,0,1,1,1,0,0,0,0,0,0,0,0
0,323.28918,62.86475,-220.17723,-1.6830707,-78.40575,0.0,1,1,0.69477767,0,5,24,30,24,30,0,0,0,0,0,0,0,0,0,0,0,1,1,1,0,0,0,0,0,0,0,0
0,334.05383,62.51875,-222.52692,-1.9159164,-76.955475,0.0,1,1,0.6832758,0,5,24,30,24,30,0,0,0,0,0,0,0,0,0,0,0,1,1,1,0,0,0,0,0,0,0,0
0,344.5733,62.135246,-225.10559,-2.1414645,-75.48475,0.0,1,1,0.6715513,0,5,24,30,24,30,0,0,0,0,0,0,0,0,0,0,0,1,1,1,0,0,0,0,0,0,0,0
0,354.83844,61.717247,-227.90527,-2.3595738,-73.990326,0.0,1,1,0.6595982,0,5,24,30,24,30,0,0,0,0,0,0,0,0,0,0,0,1,1,1,0,0,0,0,0,0,0,0
0,364.84003,61.26775,-230.918,-2.570106,-72.468124,0.0,1,1,0.6474159,0,5,24,30,24,30,0,0,0,0,0,0,0,0,0,0,0,1,1,1,0,0,0,0,0,0,0,0
0,374.5689,60.78975,-234.13582,-2.772832,-70.9136,0.0,1,1,0.6349988,0,5,24,30,24,30,0,0,0,0,0,0,0,0,0,0,0,1,1,1,0,0,0,0,0,0,0,0
0,384.01587,60.286247,-237.55075,-2.967464,-69.322105,0.0,1,1,0.6223566,0,5,24,30,24,30,0,0,0,0,0,0,0,0,0,0,0,1,1,1,0,0,0,0,0,0,0,0
0,393.17175,59.760246,-241.15482,-3.1537654,-67.68814,0.0,1,1,0.6094872,0,5,24,30,24,30,0,0,0,0,0,0,0,0,0,0,0,1,1,1,0,0,0,0,0,0,0,0
0,402.02734,59.21475,-244.94003,-3.3312435,-66.0058,0.0,1,1,0.5964032,0,5,24,30,24,30,0,0,0,0,0,0,0,0,0,0,0,1,1,1,0,0,0,0,0,0,0,0
0,410.5735,58.65275,-248.89848,-3.4995282,-64.26871,0.0,1,1,0.58312255,0,5,24,30,24,30,0,0,0,0,0,0,0,0,0,0,0,1,1,1,0,0,0,0,0,0,0,0
0,418.80096,58.077248,-253.02216,-3.6579683,-62.46938,0.0,1,1,0.5696501,0,5,24,30,24,30,0,0,0,0,0,0,0,0,0,0,0,1,1,1,0,0,0,0,0,0,0,0
0,426.70056,57.49125,-257.3031,-3.8058841,-60.59983,0.0,1,1,0.55601114,0,5,24,30,24,30,0,0,0,0,0,0,0,0,0,0,0,1,1,1,0,0,0,0,0,0,0,0
0,434.26315,56.89775,-261.73334,-3.9424303,-58.651222,0.0,1,1,0.5422407,0,5,24,30,24,30,0,0,0,0,0,0,0,0,0,0,0,1,1,1,0,0,0,0,0,0,0,0
0,441.47952,56.29975,-266.30487,-4.0665426,-56.613766,0.0,1,1,0.52836037,0,5,24,30,24,30,0,0,0,0,0,0,0,0,0,0,0,1,1,1,0,0,0,0,0,0,0,0
0,448.34048,55.70025,-271.00983,-4.1769576,-54.476513,0.0,1,1,0.51441735,0,5,24,30,24,30,0,0,0,0,0,0,0,0,0,0,0,1,1,1,0,0,0,0,0,0,0,0
0,454.83685,55.10225,-275.84015,-4.2721996,-52.22771,0.0,1,1,0.5004542,0,5,24,30,24,30,0,0,0,0,0,0,0,0,0,0,0,1,1,1,0,0,0,0,0,0,0,0
0,460.95947,54.50875,-280.78787,-4.350379,-49.85464,0.0,1,1,0.48653343,0,5,24,30,24,30,0,0,0,0,0,0,0,0,0,0,0,1,1,1,0,0,0,0,0,0,0,0
0,466.6991,53.922752,-285.84503,-4.4094205,-47.3426,0.0,1,1,0.47271293,0,5,24,30,24,30,0,0,0,0,0,0,0,0,0,0,0,1,1,1,0,0,0,0,0,0,0,0
0,472.04654,53.34725,-291.00372,-4.446718,-44.67737,0.0,1,1,0.45908776,0,5,24,30,24,30,0,0,0,0,0,0,0,0,0,0,0,1,1,1,0,0,0,0,0,0,0,0
0,476.99268,52.78525,-296.25592,-4.459226,-41.84283,0.0,1,1,0.44573906,0,5,24,30,24,30,0,0,0,0,0,0,0,0,0,0,0,1,1,1,0,0,0,0,0,0,0,0
0,481.52826,52.239754,-301.59363,-4.443694,-38.823254,0.0,1,1,0.43277574,0,5,24,30,24,30,0,0,0,0,0,0,0,0,0,0,0,1,1,1,0,0,0,0,0,0,0,0
0,485.6441,51.713753,-307.0089,-4.396058,-35.60282,0.0,1,1,0.42033285,0,5,24,30,24,30,0,0,0,0,0,0,0,0,0,0,0,1,1,1,0,0,0,0,0,0,0,0
0,489.3311,51.21025,-312.49384,-4.312185,-32.16664,0.0,1,1,0.40854794,0,5,24,30,24,30,0,0,0,0,0,0,0,0,0,0,0,1,1,1,0,0,0,0,0,0,0,0
0,492.57996,50.73225,-318.0404,-4.1873937,-28.50246,0.0,1,1,0.3975865,0,5,24,30,24,30,0,0,0,0,0,0,0,0,0,0,0,1,1,1,0,0,0,0,0,0,0,0
0,495.38153,50.282753,-323.64062,-4.0173564,-24.602638,0.0,1,1,0.38761967,0,5,24,30,24,30,0,0,0,0,0,0,0,0,0,0,0,1,1,1,0,0,0,0,0,0,0,0
0,497.72668,49.864754,-329.28656,-3.797698,-20.46354,0.0,1,1,0.37886322,0,5,24,30,24,30,0,0,0,0,0,0,0,0,0,0,0,1,1,1,0,0,0,0,0,0,0,0
0,499.60617,49.481255,-334.9702,-3.5252686,-16.090485,0.0,1,1,0.37151256,0,5,24,30,24,30,0,0,0,0,0,0,0,0,0,0,0,1,1,1,0,0,0,0,0,0,0,0
0,501.0108,49.135254,-340.68365,-3.1979656,-11.498596,0.0,1,1,0.36579475,0,5,24,30,24,30,0,0,0,0,0,0,0,0,0,0,0,1,1,1,0,0,0,0,0,0,0,0
0,501.9314,48.82975,-346.41888,-2.8161044,-6.714981,0.0,1,1,0.36192372,0,5,24,30,24,30,0,0,0,0,0,0,0,0,0,0,0,1,1,1,0,0,0,0,0,0,0,0
0,502.35876,48.56775,-352.1679,-2.3822963,-1.7768326,0.0,1,1,0.3601091,0,5,24,30,24,30,0,0,0,0,0,0,0,0,0,0,0,1,1,1,0,0,0,0,0,0,0,0
0,502.28375,48.35225,-357.92285,-1.9024744,3.2669754,0.0,1,1,0.36052555,0,5,24,30,24,30,0,0,0,0,0,0,0,0,0,0,0,1,1,1,0,0,0,0,0,0,0,0
0,501.6971,48.18625,-363.67566,-1.3849214,8.357826,0.0,1,1,0.3633234,0,5,24,30,24,30,0,0,0,0,0,0,0,0,0,0,0,1,1,1,0,0,0,0,0,0,0,0
0,500.58972,48.072754,-369.4184,-0.84035265,13.434456,0.0,1,1,0.36860734,0,5,24,30,24,30,0,0,0,0,0,0,0,0,0,0,0,1,1,1,0,0,0,0,0,0,0,0
0,498.95233,48.01475,-375.14307,-0.28066495,18.435951,0.0,1,1,0.3764267,0,5,24,30,24,30,0,0,0,0,0,0,0,0,0,0,0,1,1,1,0,0,0,0,0,0,0,0
0,496.7995,47.968655,-380.73132,-0.60194075,23.72734,0.0,1,1,0.37295827,0,5,24,30,24,30,0,0,0,0,0,0,0,0,0,0,0,1,1,1,0,0,0,0,0,0,0,0
0,494.18158,47.845406,-385.96564,-1.8299971,29.521515,0.0,1,1,0.35974023,0,5,24,30,24,30,0,0,0,0,0,0,0,0,0,0,0,1,1,1,0,0,0,0,0,0,0,0
0,491.1438,47.604218,-390.75684,-3.047654,35.30442,0.0,1,1,0.35097855,0,5,24,30,24,30,0,0,0,0,0,0,0,0,0,0,0,1,1,1,0,0,0,0,0,0,0,0
0,487.71368,47.25147,-395.13202,-4.212686,40.929993,0.0,1,1,0.34622756,0,5,24,30,24,30,0,0,0,0,0,0,0,0,0,0,0,1,1,1,0,0,0,0,0,0,0,0
0,483.9188,46.793533,-399.1183,-5.291694,46.26689,0.0,1,1,0.34489763,0,5,24,30,24,30,0,0,0,0,0,0,0,0,0,0,0,1,1,1,0,0,0,0,0,0,0,0
0,479.78668,46.236782,-402.74274,-6.2633715,51.21669,0.0,1,1,0.34633774,0,5,24,30,24,30,0,0,0,0,0,0,0,0,0,0,0,1,1,1,0,0,0,0,0,0,0,0
0,475.34488,45.587593,-406.0324,-7.1194963,55.715378,0.0,1,1,0.34987792,0,5,24,30,24,30,0,0,0,0,0,0,0,0,0,0,0,1,1,1,0,0,0,0,0,0,0,0
0,470.62103,44.85234,-409.01447,-7.8618855,59.732834,0.0,1,1,0.3548819,0,5,24,30,24,30,0,0,0,0,0,0,0,0,0,0,0,1,1,1,0,0,0,0,0,0,0,0
0,465.6426,44.037407,-411.716,-8.499783,63.268112,0.0,1,1,0.36077416,0,5,24,30,24,30,0,0,0,0,0,0,0,0,0,0,0,1,1,1,0,0,0,0,0,0,0,0
0,460.43723,43.149155,-414.16406,-9.045488,66.333084,0.0,1,1,0.36704844,0,5,24,30,24,30,0,0,0,0,0,0,0,0,0,0,0,1,1,1,0,0,0,0,0,0,0,0
0,455.03244,42.19397,-416.38577,-9.5125675,68.95499,0.0,1,1,0.37329087,0,5,24,30,24,30,0,0,0,0,0,0,0,0,0,0,0,1,1,1,0,0,0,0,0,0,0,0
0,449.4558,41.178215,-418.4082,-9.91399,71.161606,0.0,1,1,0.37914547,0,5,24,30,24,30,0,0,0,0,0,0,0,0,0,0,0,1,1,1,0,0,0,0,0,0,0,0
0,443.73492,40.108276,-420.25848,-10.261184,72.98227,0.0,1,1,0.38434196,0,5,24,30,24,30,0,0,0,0,0,0,0,0,0,0,0,1,1,1,0,0,0,0,0,0,0,0
0,437.89728,38.99053,-421.96368,-10.564153,74.44353,0.0,1,1,0.38865057,0,5,24,30,24,30,0,0,0,0,0,0,0,0,0,0,0,1,1,1,0,0,0,0,0,0,0,0
0,431.97052,37.831345,-423.55087,-10.830978,75.56796,0.0,1,1,0.39190817,0,5,24,30,24,30,0,0,0,0,0,0,0,0,0,0,0,1,1,1,0,0,0,0,0,0,0,0
0,425.98212,36.637093,-425.04718,-11.068355,76.37196,0.0,1,1,0.39398313,0,5,24,30,24,30,0,0,0,0,0,0,0,0,0,0,0,1,1,1,0,0,0,0,0,0,0,0
0,419.95972,35.414154,-426.4797,-11.281331,76.8676,0.0,1,1,0.39478618,0,5,24,30,24,30,0,0,0,0,0,0,0,0,0,0,0,1,1,1,0,0,0,0,0,0,0,0
0,413.93085,34.1689,-427.87552,-11.473604,77.06151,0.0,1,1,0.39426422,0,5,24,30,24,30,0,0,0,0,0,0,0,0,0,0,0,1,1,1,0,0,0,0,0,0,0,0
0,407.92307,32.907715,-429.26172,-11.647696,76.95305,0.0,1,1,0.39239874,0,5,24,30,24,30,0,0,0,0,0,0,0,0,0,0,0,1,1,1,0,0,0,0,0,0,0,0
0,401.96393,31.636967,-430.6654,-11.804842,76.535995,0.0,1,1,0.38919458,0,5,24,30,24,30,0,0,0,0,0,0,0,0,0,0,0,1,1,1,0,0,0,0,0,0,0,0
0,396.08105,30.36303,-432.11365,-11.944817,75.79924,0.0,1,1,0.38469893,0,5,24,30,24,30,0,0,0,0,0,0,0,0,0,0,0,1,1,1,0,0,0,0,0,0,0,0
0,390.30194,29.092281,-433.63358,-12.065758,74.721924,0.0,1,1,0.37899393,0,5,24,30,24,30,0,0,0,0,0,0,0,0,0,0,0,1,1,1,0,0,0,0,0,0,0,0
0,384.6541,27.831095,-435.2523,-12.164134,73.27908,0.0,1,1,0.37219194,0,5,24,30,24,30,0,0,0,0,0,0,0,0,0,0,0,1,1,1,0,0,0,0,0,0,0,0
0,379.16525,26.585846,-436.99686,-12.233752,71.43698,0.0,1,1,0.36446553,0,5,24,30,24,30,0,0,0,0,0,0,0,0,0,0,0,1,1,1,0,0,0,0,0,0,0,0
0,373.86285,25.36291,-438.89438,-12.26531,69.15556,0.0,1,1,0.35603958,0,5,24,30,24,30,0,0,0,0,0,0,0,0,0,0,0,1,1,1,0,0,0,0,0,0,0,0
0,368.7745,24.16866,-440.97192,-12.245843,66.3896,0.0,1,1,0.34720492,0,5,24,30,24,30,0,0,0,0,0,0,0,0,0,0,0,1,1,1,0,0,0,0,0,0,0,0
0,363.92773,23.009472,-443.25665,-12.157273,63.091248,0.0,1,1,0.33834422,0,5,24,30,24,30,0,0,0,0,0,0,0,0,0,0,0,1,1,1,0,0,0,0,0,0,0,0
0,359.3501,21.891724,-445.77557,-11.977211,59.215805,0.0,1,1,0.32991466,0,5,24,30,24,30,0,0,0,0,0,0,0,0,0,0,0,1,1,1,0,0,0,0,0,0,0,0
0,355.06918,20.821787,-448.55585,-11.678088,54.731857,0.0,1,1,0.3224961,0,5,24,30,24,30,0,0,0,0,0,0,0,0,0,0,0,1,1,1,0,0,0,0,0,0,0,0
0,351.11255,19.806038,-451.6245,-11.230549,49.633408,0.0,1,1,0.3167597,0,5,24,30,24,30,0,0,0,0,0,0,0,0,0,0,0,1,1,1,0,0,0,0,0,0,0,0
0,347.50778,18.850851,-455.00873,-10.60801,43.958374,0.0,1,1,0.31347412,0,5,24,30,24,30,0,0,0,0,0,0,0,0,0,0,0,1,1,1,0,0,0,0,0,0,0,0
0,344.2824,17.9626,-458.73553,-9.795356,37.79857,0.0,1,1,0.3134329,0,5,24,30,24,30,0,0,0,0,0,0,0,0,0,0,0,1,1,1,0,0,0,0,0,0,0,0
0,341.464,17.147663,-462.83203,-8.796843,31.307663,0.0,1,1,0.3174167,0,5,24,30,24,30,0,0,0,0,0,0,0,0,0,0,0,1,1,1,0,0,0,0,0,0,0,0
0,339.08014,16.412415,-467.32532,-7.6417613,24.68644,0.0,1,1,0.3260911,0,5,24,30,24,30,0,0,0,0,0,0,0,0,0,0,0,1,1,1,0,0,0,0,0,0,0,0
0,337.15836,15.763226,-472.24255,-6.3823094,18.152077,0.0,1,1,0.33991164,0,5,24,30,24,30,0,0,0,0,0,0,0,0,0,0,0,1,1,1,0,0,0,0,0,0,0,0
0,335.72623,15.206474,-477.61072,-5.0814075,11.9021225,0.0,1,1,0.35913092,0,5,24,30,24,30,0,0,0,0,0,0,0,0,0,0,0,1,1,1,0,0,0,0,0,0,0,0
0,334.81128,14.748536,-483.45697,-3.8001194,6.0850525,0.0,1,1,0.38375378,0,5,24,30,24,30,0,0,0,0,0,0,0,0,0,0,0,1,1,1,0,0,0,0,0,0,0,0
0,334.44116,14.395785,-489.80838,-2.5856519,0.7870865,0.0,1,1,0.41363376,0,5,24,30,24,30,0,0,0,0,0,0,0,0,0,0,0,1,1,1,0,0,0,0,0,0,0,0
0,334.64337,14.154596,-496.69208,-1.4677866,-3.9588318,0.0,1,1,0.44850358,0,5,24,30,24,30,0,0,0,0,0,0,0,0,0,0,0,1,1,1,0,0,0,0,0,0,0,0
0,335.4455,14.031345,-504.13507,-0.4599771,-8.164749,0.0,1,1,0.48805392,0,5,24,30,24,30,0,0,0,0,0,0,0,0,0,0,0,1,1,1,0,0,0,0,0,0,0,0
0,336.78668,14.016594,-511.9192,0.23783897,-11.350128,0.0,1,1,0.49967512,0,5,24,30,24,30,0,0,0,0,0,0,0,0,0,0,0,1,1,1,0,0,0,0,0,0,0,0
0,338.5053,14.081843,-519.56915,0.7249323,-14.025223,0.0,1,1,0.48071456,0,5,24,30,24,30,0,0,0,0,0,0,0,0,0,0,0,1,1,1,0,0,0,0,0,0,0,0
0,340.5096,14.209532,-526.8395,1.2241538,-16.854797,0.0,1,1,0.4624127,0,5,24,30,24,30,0,0,0,0,0,0,0,0,0,0,0,1,1,1,0,0,0,0,0,0,0,0
0,342.78998,14.396282,-533.72455,1.7346523,-19.854317,0.0,1,1,0.4448142,0,5,24,30,24,30,0,0,0,0,0,0,0,0,0,0,0,1,1,1,0,0,0,0,0,0,0,0
0,345.3369,14.63872,-540.2186,2.2548459,-23.036774,0.0,1,1,0.42801094,0,5,24,30,24,30,0,0,0,0,0,0,0,0,0,0,0,1,1,1,0,0,0,0,0,0,0,0
0,348.14075,14.933469,-546.3161,2.7824416,-26.41758,0.0,1,1,0.41208068,0,5,24,30,24,30,0,0,0,0,0,0,0,0,0,0,0,1,1,1,0,0,0,0,0,0,0,0
0,351.19205,15.277157,-552.0114,3.3141015,-30.010479,0.0,1,1,0.39711452,0,5,24,30,24,30,0,0,0,0,0,0,0,0,0,0,0,1,1,1,0,0,0,0,0,0,0,0
0,354.48117,15.666407,-557.29895,3.8451593,-33.826412,0.0,1,1,0.3832242,0,5,24,30,24,30,0,0,0,0,0,0,0,0,0,0,0,1,1,1,0,0,0,0,0,0,0,0
0,357.9986,16.097843,-562.173,4.369662,-37.876156,0.0,1,1,0.37052295,0,5,24,30,24,30,0,0,0,0,0,0,0,0,0,0,0,1,1,1,0,0,0,0,0,0,0,0
0,361.7347,16.568094,-566.6279,4.8797545,-42.16132,0.0,1,1,0.35914612,0,5,24,30,24,30,0,0,0,0,0,0,0,0,0,0,0,1,1,1,0,0,0,0,0,0,0,0
0,365.68,17.073782,-570.65826,5.3662767,-46.682228,0.0,1,1,0.34922403,0,5,24,30,24,30,0,0,0,0,0,0,0,0,0,0,0,1,1,1,0,0,0,0,0,0,0,0
0,369.8249,17.611534,-574.2583,5.818325,-51.42544,0.0,1,1,0.34090087,0,5,24,30,24,30,0,0,0,0,0,0,0,0,0,0,0,1,1,1,0,0,0,0,0,0,0,0
0,374.1598,18.17797,-577.42236,6.224403,-56.373047,0.0,1,1,0.33430302,0,5,24,30,24,30,0,0,0,0,0,0,0,0,0,0,0,1,1,1,0,0,0,0,0,0,0,0
0,378.67514,18.76972,-580.14484,6.5724955,-61.49013,0.0,1,1,0.32956922,0,5,24,30,24,30,0,0,0,0,0,0,0,0,0,0,0,1,1,1,0,0,0,0,0,0,0,0
0,383.36142,19.383408,-582.42017,6.8519845,-66.73764,0.0,1,1,0.32679507,0,5,24,30,24,30,0,0,0,0,0,0,0,0,0,0,0,1,1,1,0,0,0,0,0,0,0,0
0,388.20905,20.015657,-584.2427,7.054015,-72.06111,0.0,1,1,0.32607073,0,5,24,30,24,30,0,0,0,0,0,0,0,0,0,0,0,1,1,1,0,0,0,0,0,0,0,0
0,393.2085,20.663095,-585.60675,7.1731806,-77.40544,0.0,1,1,0.32743672,0,5,24,30,24,30,0,0,0,0,0,0,0,0,0,0,0,1,1,1,0,0,0,0,0,0,0,0
0,398.3501,21.322346,-586.5067,7.2078624,-82.70966,0.0,1,1,0.33091453,0,5,24,30,24,30,0,0,0,0,0,0,0,0,0,0,0,1,1,1,0,0,0,0,0,0,0,0
0,403.6244,21.990034,-586.937,7.160324,-87.918365,0.0,1,1,0.3364836,0,5,24,30,24,30,0,0,0,0,0,0,0,0,0,0,0,1,1,1,0,0,0,0,0,0,0,0
0,409.02173,22.662783,-586.892,7.0366898,-92.98004,0.0,1,1,0.3440855,0,5,24,30,24,30,0,0,0,0,0,0,0,0,0,0,0,1,1,1,0,0,0,0,0,0,0,0
0,414.53265,23.33722,-586.3661,6.8455796,-97.85531,0.0,1,1,0.35364577,0,5,24,30,24,30,0,0,0,0,0,0,0,0,0,0,0,1,1,1,0,0,0,0,0,0,0,0
0,420.14752,24.00997,-585.35364,6.597225,-102.513115,0.0,1,1,0.36506006,0,5,24,30,24,30,0,0,0,0,0,0,0,0,0,0,0,1,1,1,0,0,0,0,0,0,0,0
0,425.85678,24.677656,-583.8489,6.30236,-106.93675,0.0,1,1,0.37822187,0,5,24,30,24,30,0,0,0,0,0,0,0,0,0,0,0,1,1,1,0,0,0,0,0,0,0,0
0,431.6509,25.336906,-581.8464,5.9715924,-111.11359,0.0,1,1,0.3930083,0,5,24,30,24,30,0,0,0,0,0,0,0,0,0,0,0,1,1,1,0,0,0,0,0,0,0,0
0,437.52032,25.984344,-579.34045,5.614325,-115.04497,0.0,1,1,0.40930483,0,5,24,30,24,30,0,0,0,0,0,0,0,0,0,0,0,1,1,1,0,0,0,0,0,0,0,0
0,443.45544,26.616592,-576.3255,5.238847,-118.7357,0.0,1,1,0.42699662,0,5,24,30,24,30,0,0,0,0,0,0,0,0,0,0,0,1,1,1,0,0,0,0,0,0,0,0
0,449.4467,27.230278,-572.79584,4.8519697,-122.19567,0.0,1,1,0.4459915,0,5,24,30,24,30,0,0,0,0,0,0,0,0,0,0,0,1,1,1,0,0,0,0,0,0,0,0
0,455.48456,27.82203,-568.74585,4.459303,-125.436516,0.0,1,1,0.46618143,0,5,24,30,24,30,0,0,0,0,0,0,0,0,0,0,0,1,1,1,0,0,0,0,0,0,0,0
0,461.55948,28.388466,-564.16986,4.065239,-128.47308,0.0,1,1,0.48747948,0,5,24,30,24,30,0,0,0,0,0,0,0,0,0,0,0,1,1,1,0,0,0,0,0,0,0,0
0,467.66187,28.926216,-559.0624,3.67302,-131.3188,0.0,1,1,0.5098174,0,5,24,30,24,30,0,0,0,0,0,0,0,0,0,0,0,1,1,1,0,0,0,0,0,0,0,0
0,473.78214,29.431904,-553.4177,3.2851753,-133.9909,0.0,1,1,0.5331203,0,5,24,30,24,30,0,0,0,0,0,0,0,0,0,0,0,1,1,1,0,0,0,0,0,0,0,0
0,479.91074,29.902153,-547.2302,2.9033685,-136.50089,0.0,1,1,0.55734456,0,5,24,30,24,30,0,0,0,0,0,0,0,0,0,0,0,1,1,1,0,0,0,0,0,0,0,0
0,486.03815,30.33359,-540.49426,2.5289783,-138.86365,0.0,1,1,0.58242106,0,5,24,30,24,30,0,0,0,0,0,0,0,0,0,0,0,1,1,1,0,0,0,0,0,0,0,0
0,492.15475,30.72284,-533.2043,2.1627707,-141.0916,0.0,1,1,0.6083231,0,5,24,30,24,30,0,0,0,0,0,0,0,0,0,0,0,1,1,1,0,0,0,0,0,0,0,0
0,498.25104,31.066528,-525.3546,1.805236,-143.19511,0.0,1,1,0.6349988,0,5,24,30,24,30,0,0,0,0,0,0,0,0,0,0,0,1,1,1,0,0,0,0,0,0,0,0
0,504.3174,31.361279,-516.93964,1.4566954,-145.18675,0.0,1,1,0.66243345,0,5,24,30,24,30,0,0,0,0,0,0,0,0,0,0,0,1,1,1,0,0,0,0,0,0,0,0
0,510.3443,31.603716,-507.9537,1.1171986,-147.07413,0.0,1,1,0.6905833,0,5,24,30,24,30,0,0,0,0,0,0,0,0,0,0,0,1,1,1,0,0,0,0,0,0,0,0
0,516.32214,31.790466,-498.39124,0.78678805,-148.86693,0.0,1,1,0.719443,0,5,24,30,24,30,0,0,0,0,0,0,0,0,0,0,0,1,1,1,0,0,0,0,0,0,0,0
0,522.24146,31.918156,-488.24655,0.46527588,-150.57271,0.0,1,1,0.7489752,0,5,24,30,24,30,0,0,0,0,0,0,0,0,0,0,0,1,1,1,0,0,0,0,0,0,0,0
0,528.09265,31.983406,-477.5141,0.15252538,-152.19814,0.0,1,1,0.7791845,0,5,24,30,24,30,0,0,0,0,0,0,0,0,0,0,0,1,1,1,0,0,0,0,0,0,0,0
0,533.6239,32.000923,-466.54086,0.008732582,-154.32927,0.0,1,1,0.75712115,0,5,24,30,24,30,0,0,0,0,0,0,0,0,0,0,0,1,1,1,0,0,0,0,0,0,0,0
0,538.35864,32.004547,-456.01782,0.028205872,-157.37143,0.0,1,1,0.6857826,0,5,24,30,24,30,0,0,0,0,0,0,0,0,0,0,0,1,1,1,0,0,0,0,0,0,0,0
0,542.08875,32.011642,-446.26785,0.050763,-160.93738,0.0,1,1,0.61973983,0,5,24,30,24,30,0,0,0,0,0,0,0,0,0,0,0,1,1,1,0,0,0,0,0,0,0,0
0,544.857,32.02202,-437.2564,0.07660087,-165.12369,0.0,1,1,0.5594273,0,5,24,30,24,30,0,0,0,0,0,0,0,0,0,0,0,1,1,1,0,0,0,0,0,0,0,0
0,546.7061,32.035484,-428.9489,0.10606154,-170.02815,0.0,1,1,0.50539863,0,5,24,30,24,30,0,0,0,0,0,0,0,0,0,0,0,1,1,1,0,0,0,0,0,0,0,0
0,547.67883,32.051857,-421.31073,0.1389348,-175.73566,0.0,1,1,0.4582803,0,5,24,30,24,30,0,0,0,0,0,0,0,0,0,0,0,1,1,1,0,0,0,0,0,0,0,0
0,547.818,32.070953,-414.30725,0.17449206,-182.28358,0.0,1,1,0.4187553,0,5,24,30,24,30,0,0,0,0,0,0,0,0,0,0,0,1,1,1,0,0,0,0,0,0,0,0
0,547.16626,32.092575,-407.90393,0.21115494,-189.62503,0.0,1,1,0.38745096,0,5,24,30,24,30,0,0,0,0,0,0,0,0,0,0,0,1,1,1,0,0,0,0,0,0,0,0
0,545.76636,32.116547,-402.06616,0.24633858,-197.58463,0.0,1,1,0.36477536,0,5,24,30,24,30,0,0,0,0,0,0,0,0,0,0,0,1,1,1,0,0,0,0,0,0,0,0
0,543.66113,32.14267,-396.75937,0.27726924,-205.85521,0.0,1,1,0.35073707,0,5,24,30,24,30,0,0,0,0,0,0,0,0,0,0,0,1,1,1,0,0,0,0,0,0,0,0
0,540.89325,32.17077,-391.9489,0.30154622,-214.04626,0.0,1,1,0.3447883,0,5,24,30,24,30,0,0,0,0,0,0,0,0,0,0,0,1,1,1,0,0,0,0,0,0,0,0
0,537.5055,32.20064,-387.60022,0.3180291,-221.7809,0.0,1,1,0.3458612,0,5,24,30,24,30,0,0,0,0,0,0,0,0,0,0,0,1,1,1,0,0,0,0,0,0,0,0
0,533.54065,32.23211,-383.6787,0.3272813,-228.78204,0.0,1,1,0.35252908,0,5,24,30,24,30,0,0,0,0,0,0,0,0,0,0,0,1,1,1,0,0,0,0,0,0,0,0
0,529.0414,32.264984,-380.14978,0.33054405,-234.90895,0.0,1,1,0.3632659,0,5,24,30,24,30,0,0,0,0,0,0,0,0,0,0,0,1,1,1,0,0,0,0,0,0,0,0
0,524.05054,32.29908,-376.97882,0.3295039,-240.13692,0.0,1,1,0.37664264,0,5,24,30,24,30,0,0,0,0,0,0,0,0,0,0,0,1,1,1,0,0,0,0,0,0,0,0
0,518.6107,32.334206,-374.13126,0.32564047,-244.51704,0.0,1,1,0.39143068,0,5,24,30,24,30,0,0,0,0,0,0,0,0,0,0,0,1,1,1,0,0,0,0,0,0,0,0
0,512.7649,32.37017,-371.57248,0.32003763,-248.1354,0.0,1,1,0.40664938,0,5,24,30,24,30,0,0,0,0,0,0,0,0,0,0,0,1,1,1,0,0,0,0,0,0,0,0
0,506.5556,32.4068,-369.2679,0.31353614,-251.08673,0.0,1,1,0.42152974,0,5,24,30,24,30,0,0,0,0,0,0,0,0,0,0,0,1,1,1,0,0,0,0,0,0,0,0
0,500.02573,32.44389,-367.18298,0.3065222,-253.45871,0.0,1,1,0.43549815,0,5,24,30,24,30,0,0,0,0,0,0,0,0,0,0,0,1,1,1,0,0,0,0,0,0,0,0
0,493.218,32.481262,-365.28302,0.29944468,-255.32741,0.0,1,1,0.44811782,0,5,24,30,24,30,0,0,0,0,0,0,0,0,0,0,0,1,1,1,0,0,0,0,0,0,0,0
0,486.1751,32.518738,-363.5335,0.2922956,-256.75446,0.0,1,1,0.45907795,0,5,24,30,24,30,0,0,0,0,0,0,0,0,0,0,0,1,1,1,0,0,0,0,0,0,0,0
0,478.93988,32.55611,-361.89984,0.28514484,-257.78796,0.0,1,1,0.46814722,0,5,24,30,24,30,0,0,0,0,0,0,0,0,0,0,0,1,1,1,0,0,0,0,0,0,0,0
0,471.555,32.5932,-360.3474,0.27814406,-258.46332,0.0,1,1,0.47516623,0,5,24,30,24,30,0,0,0,0,0,0,0,0,0,0,0,1,1,1,0,0,0,0,0,0,0,0
0,464.06323,32.62983,-358.84158,0.27110493,-258.8053,0.0,1,1,0.48004627,0,5,24,30,24,30,0,0,0,0,0,0,0,0,0,0,0,1,1,1,0,0,0,0,0,0,0,0
0,456.5074,32.665794,-357.3478,0.26405162,-258.8286,0.0,1,1,0.48272923,0,5,24,30,24,30,0,0,0,0,0,0,0,0,0,0,0,1,1,1,0,0,0,0,0,0,0,0
0,448.93015,32.70092,-355.83148,0.25683147,-258.53903,0.0,1,1,0.4832155,0,5,24,30,24,30,0,0,0,0,0,0,0,0,0,0,0,1,1,1,0,0,0,0,0,0,0,0
0,441.37427,32.735016,-354.25806,0.2493504,-257.93323,0.0,1,1,0.4815517,0,5,24,30,24,30,0,0,0,0,0,0,0,0,0,0,0,1,1,1,0,0,0,0,0,0,0,0
0,433.8825,32.76789,-352.59283,0.24146679,-257.0003,0.0,1,1,0.47781268,0,5,24,30,24,30,0,0,0,0,0,0,0,0,0,0,0,1,1,1,0,0,0,0,0,0,0,0
0,426.49768,32.79936,-350.80133,0.23297013,-255.71994,0.0,1,1,0.47213635,0,5,24,30,24,30,0,0,0,0,0,0,0,0,0,0,0,1,1,1,0,0,0,0,0,0,0,0
0,419.26245,32.82923,-348.8489,0.2237232,-254.06363,0.0,1,1,0.46472335,0,5,24,30,24,30,0,0,0,0,0,0,0,0,0,0,0,1,1,1,0,0,0,0,0,0,0,0
0,412.21954,32.85733,-346.70093,0.21334544,-251.99461,0.0,1,1,0.45582625,0,5,24,30,24,30,0,0,0,0,0,0,0,0,0,0,0,1,1,1,0,0,0,0,0,0,0,0
0,405.4118,32.883453,-344.32288,0.20157027,-249.46698,0.0,1,1,0.44579065,0,5,24,30,24,30,0,0,0,0,0,0,0,0,0,0,0,1,1,1,0,0,0,0,0,0,0,0
0,398.88196,32.907425,-341.68015,0.18804252,-246.42807,0.0,1,1,0.43507257,0,5,24,30,24,30,0,0,0,0,0,0,0,0,0,0,0,1,1,1,0,0,0,0,0,0,0,0
0,392.67267,32.929047,-338.7381,0.17223974,-242.8217,0.0,1,1,0.42423117,0,5,24,30,24,30,0,0,0,0,0,0,0,0,0,0,0,1,1,1,0,0,0,0,0,0,0,0
0,386.8268,32.948143,-335.46216,0.15379779,-238.59515,0.0,1,1,0.4139923,0,5,24,30,24,30,0,0,0,0,0,0,0,0,0,0,0,1,1,1,0,0,0,0,0,0,0,0
0,381.3871,32.964516,-331.8177,0.13228208,-233.71106,0.0,1,1,0.40522018,0,5,24,30,24,30,0,0,0,0,0,0,0,0,0,0,0,1,1,1,0,0,0,0,0,0,0,0
0,376.3962,32.97798,-327.7702,0.10741371,-228.1627,0.0,1,1,0.39894935,0,5,24,30,24,30,0,0,0,0,0,0,0,0,0,0,0,1,1,1,0,0,0,0,0,0,0,0
0,371.89697,32.988358,-323.28503,0.07937956,-221.9965,0.0,1,1,0.3963219,0,5,24,30,24,30,0,0,0,0,0,0,0,0,0,0,0,1,1,1,0,0,0,0,0,0,0,0
0,367.93207,32.995453,-318.32758,0.048537374,-215.32654,0.0,1,1,0.39851967,0,5,24,30,24,30,0,0,0,0,0,0,0,0,0,0,0,1,1,1,0,0,0,0,0,0,0,0
0,364.54428,32.999077,-312.86328,0.016259255,-208.34052,0.0,1,1,0.4066375,0,5,24,30,24,30,0,0,0,0,0,0,0,0,0,0,0,1,1,1,0,0,0,0,0,0,0,0
0,361.6275,32.98986,-306.96283,-0.17430761,-204.31856,0.0,1,1,0.41661218,0,5,24,30,24,30,0,0,0,0,0,0,0,0,0,0,0,1,1,1,0,0,0,0,0,0,0,0
0,358.91605,32.949986,-300.81934,-0.5036555,-203.31743,0.0,1,1,0.42284465,0,5,24,30,24,30,0,0,0,0,0,0,0,0,0,0,0,1,1,1,0,0,0,0,0,0,0,0
0,356.2773,32.871956,-294.54517,-0.8080809,-202.309,0.0,1,1,0.4280585,0,5,24,30,24,30,0,0,0,0,0,0,0,0,0,0,0,1,1,1,0,0,0,0,0,0,0,0
0,353.72226,32.757828,-288.15564,-1.0907174,-201.28726,0.0,1,1,0.43227425,0,5,24,30,24,30,0,0,0,0,0,0,0,0,0,0,0,1,1,1,0,0,0,0,0,0,0,0
0,351.26184,32.609673,-281.6662,-1.354092,-200.24442,0.0,1,1,0.43548843,0,5,24,30,24,30,0,0,0,0,0,0,0,0,0,0,0,1,1,1,0,0,0,0,0,0,0,0
0,348.907,32.429546,-275.09222,-1.6003729,-199.17345,0.0,1,1,0.43771878,0,5,24,30,24,30,0,0,0,0,0,0,0,0,0,0,0,1,1,1,0,0,0,0,0,0,0,0
0,346.66876,32.219513,-268.44904,-1.8314114,-198.06766,0.0,1,1,0.43898082,0,5,24,30,24,30,0,0,0,0,0,0,0,0,0,0,0,1,1,1,0,0,0,0,0,0,0,0
0,344.5581,31.98164,-261.752,-2.048826,-196.9191,0.0,1,1,0.43928635,0,5,24,30,24,30,0,0,0,0,0,0,0,0,0,0,0,1,1,1,0,0,0,0,0,0,0,0
0,342.58594,31.717985,-255.0166,-2.253953,-195.72052,0.0,1,1,0.43866044,0,5,24,30,24,30,0,0,0,0,0,0,0,0,0,0,0,1,1,1,0,0,0,0,0,0,0,0
0,340.76324,31.43061,-248.25809,-2.4478867,-194.4631,0.0,1,1,0.43712622,0,5,24,30,24,30,0,0,0,0,0,0,0,0,0,0,0,1,1,1,0,0,0,0,0,0,0,0
0,339.101,31.121578,-241.4919,-2.6315494,-193.13782,0.0,1,1,0.43471235,0,5,24,30,24,30,0,0,0,0,0,0,0,0,0,0,0,1,1,1,0,0,0,0,0,0,0,0
0,337.61017,30.792953,-234.7334,-2.8057213,-191.73541,0.0,1,1,0.43144944,0,5,24,30,24,30,0,0,0,0,0,0,0,0,0,0,0,1,1,1,0,0,0,0,0,0,0,0
0,336.30176,30.446796,-227.99796,-2.970839,-190.24413,0.0,1,1,0.42738304,0,5,24,30,24,30,0,0,0,0,0,0,0,0,0,0,0,1,1,1,0,0,0,0,0,0,0,0
0,335.1867,30.08517,-221.30096,-3.1273844,-188.65302,0.0,1,1,0.42255273,0,5,24,30,24,30,0,0,0,0,0,0,0,0,0,0,0,1,1,1,0,0,0,0,0,0,0,0
0,334.27594,29.71014,-214.65778,-3.275371,-186.94803,0.0,1,1,0.4170153,0,5,24,30,24,30,0,0,0,0,0,0,0,0,0,0,0,1,1,1,0,0,0,0,0,0,0,0
0,333.58054,29.323765,-208.08377,-3.4147496,-185.1151,0.0,1,1,0.4108366,0,5,24,30,24,30,0,0,0,0,0,0,0,0,0,0,0,1,1,1,0,0,0,0,0,0,0,0
0,333.11136,28.928108,-201.59433,-3.5450962,-183.1388,0.0,1,1,0.40408537,0,5,24,30,24,30,0,0,0,0,0,0,0,0,0,0,0,1,1,1,0,0,0,0,0,0,0,0
0,332.8794,28.525234,-195.20483,-3.6657581,-180.99977,0.0,1,1,0.39685214,0,5,24,30,24,30,0,0,0,0,0,0,0,0,0,0,0,1,1,1,0,0,0,0,0,0,0,0
0,332.8957,28.117203,-188.93063,-3.7755568,-178.68054,0.0,1,1,0.38924104,0,5,24,30,24,30,0,0,0,0,0,0,0,0,0,0,0,1,1,1,0,0,0,0,0,0,0,0
0,333.1711,27.706078,-182.78714,-3.8730125,-176.15941,0.0,1,1,0.3813689,0,5,24,30,24,30,0,0,0,0,0,0,0,0,0,0,0,1,1,1,0,0,0,0,0,0,0,0
0,333.7167,27.293922,-176.78972,-3.9560091,-173.41548,0.0,1,1,0.37338185,0,5,24,30,24,30,0,0,0,0,0,0,0,0,0,0,0,1,1,1,0,0,0,0,0,0,0,0
0,334.5434,26.882797,-170.95372,-4.0218234,-170.42723,0.0,1,1,0.36544073,0,5,24,30,24,30,0,0,0,0,0,0,0,0,0,0,0,1,1,1,0,0,0,0,0,0,0,0
0,335.66217,26.474766,-165.29453,-4.0671825,-167.17288,0.0,1,1,0.3577398,0,5,24,30,24,30,0,0,0,0,0,0,0,0,0,0,0,1,1,1,0,0,0,0,0,0,0,0
0,337.08398,26.071892,-159.82755,-4.087978,-163.63467,0.0,1,1,0.35049674,0,5,24,30,24,30,0,0,0,0,0,0,0,0,0,0,0,1,1,1,0,0,0,0,0,0,0,0
0,338.8198,25.676235,-154.5681,-4.079662,-159.79935,0.0,1,1,0.34396458,0,5,24,30,24,30,0,0,0,0,0,0,0,0,0,0,0,1,1,1,0,0,0,0,0,0,0,0
0,340.8806,25.28986,-149.5316,-4.0372367,-155.66086,0.0,1,1,0.33841625,0,5,24,30,24,30,0,0,0,0,0,0,0,0,0,0,0,1,1,1,0,0,0,0,0,0,0,0
0,343.27734,24.91483,-144.73343,-3.9558306,-151.22571,0.0,1,1,0.33415785,0,5,24,30,24,30,0,0,0,0,0,0,0,0,0,0,0,1,1,1,0,0,0,0,0,0,0,0
0,346.02106,24.553205,-140.18893,-3.8312092,-146.51364,0.0,1,1,0.33150464,0,5,24,30,24,30,0,0,0,0,0,0,0,0,0,0,0,1,1,1,0,0,0,0,0,0,0,0
0,349.12262,24.20705,-135.9135,-3.6607273,-141.5639,0.0,1,1,0.3307722,0,5,24,30,24,30,0,0,0,0,0,0,0,0,0,0,0,1,1,1,0,0,0,0,0,0,0,0
0,352.59305,23.878424,-131.9225,-3.44373,-136.43045,0.0,1,1,0.33227158,0,5,24,30,24,30,0,0,0,0,0,0,0,0,0,0,0,1,1,1,0,0,0,0,0,0,0,0
0,356.4433,23.569393,-128.23131,-3.1827435,-131.18506,0.0,1,1,0.33626974,0,5,24,30,24,30,0,0,0,0,0,0,0,0,0,0,0,1,1,1,0,0,0,0,0,0,0,0
0,360.68436,23.282017,-124.85531,-2.8831105,-125.90946,0.0,1,1,0.34298906,0,5,24,30,24,30,0,0,0,0,0,0,0,0,0,0,0,1,1,1,0,0,0,0,0,0,0,0
0,365.32718,23.018362,-121.809875,-2.5529861,-120.68865,0.0,1,1,0.35258093,0,5,24,30,24,30,0,0,0,0,0,0,0,0,0,0,0,1,1,1,0,0,0,0,0,0,0,0
0,370.38275,22.780487,-119.110374,-2.201956,-115.60246,0.0,1,1,0.36513692,0,5,24,30,24,30,0,0,0,0,0,0,0,0,0,0,0,1,1,1,0,0,0,0,0,0,0,0
0,375.862,22.570456,-116.77219,-1.8402961,-110.71909,0.0,1,1,0.3806684,0,5,24,30,24,30,0,0,0,0,0,0,0,0,0,0,0,1,1,1,0,0,0,0,0,0,0,0
0,381.77594,22.390331,-114.810684,-1.4774232,-106.08983,0.0,1,1,0.39913753,0,5,24,30,24,30,0,0,0,0,0,0,0,0,0,0,0,1,1,1,0,0,0,0,0,0,0,0
0,388.1355,22.242174,-113.24124,-1.1213759,-101.74892,0.0,1,1,0.4204573,0,5,24,30,24,30,0,0,0,0,0,0,0,0,0,0,0,1,1,1,0,0,0,0,0,0,0,0
0,394.95166,22.128048,-112.07923,-0.7781941,-97.712875,0.0,1,1,0.4445147,0,5,24,30,24,30,0,0,0,0,0,0,0,0,0,0,0,1,1,1,0,0,0,0,0,0,0,0
0,402.2354,22.050016,-111.34004,-0.4519677,-93.98545,0.0,1,1,0.4711705,0,5,24,30,24,30,0,0,0,0,0,0,0,0,0,0,0,1,1,1,0,0,0,0,0,0,0,0
0,409.99768,22.010141,-111.03903,-0.1451797,-90.55878,0.0,1,1,0.5002924,0,5,24,30,24,30,0,0,0,0,0,0,0,0,0,0,0,1,1,1,0,0,0,0,0,0,0,0
0,418.1068,21.996311,-111.00832,-0.05145068,-89.88387,0.0,1,1,0.5133527,0,5,24,30,24,30,0,0,0,0,0,0,0,0,0,0,0,1,1,1,0,0,0,0,0,0,0,0
0,426.28256,21.981812,-110.90239,-0.15218344,-91.60853,0.0,1,1,0.5088197,0,5,24,30,24,30,0,0,0,0,0,0,0,0,0,0,0,1,1,1,0,0,0,0,0,0,0,0
0,434.3803,21.953438,-110.56746,-0.24939525,-93.135056,0.0,1,1,0.5043607,0,5,24,30,24,30,0,0,0,0,0,0,0,0,0,0,0,1,1,1,0,0,0,0,0,0,0,0
0,442.39557,21.911938,-110.0359,-0.34301025,-94.45941,0.0,1,1,0.49982643,0,5,24,30,24,30,0,0,0,0,0,0,0,0,0,0,0,1,1,1,0,0,0,0,0,0,0,0
0,450.3238,21.858063,-109.34004,-0.43307364,-95.57785,0.0,1,1,0.49508557,0,5,24,30,24,30,0,0,0,0,0,0,0,0,0,0,0,1,1,1,0,0,0,0,0,0,0,0
0,458.16058,21.792562,-108.51223,-0.51977205,-96.48657,0.0,1,1,0.4900249,0,5,24,30,24,30,0,0,0,0,0,0,0,0,0,0,0,1,1,1,0,0,0,0,0,0,0,0
0,465.9013,21.716187,-107.58481,-0.60324186,-97.181496,0.0,1,1,0.48455414,0,5,24,30,24,30,0,0,0,0,0,0,0,0,0,0,0,1,1,1,0,0,0,0,0,0,0,0
0,473.54156,21.629688,-106.59012,-0.6836984,-97.65677,0.0,1,1,0.4786052,0,5,24,30,24,30,0,0,0,0,0,0,0,0,0,0,0,1,1,1,0,0,0,0,0,0,0,0
0,481.0768,21.533813,-105.56051,-0.761334,-97.9062,0.0,1,1,0.47213084,0,5,24,30,24,30,0,0,0,0,0,0,0,0,0,0,0,1,1,1,0,0,0,0,0,0,0,0
0,488.50256,21.429314,-104.52832,-0.8363727,-97.92087,0.0,1,1,0.46510354,0,5,24,30,24,30,0,0,0,0,0,0,0,0,0,0,0,1,1,1,0,0,0,0,0,0,0,0
0,495.81433,21.316936,-103.525894,-0.9089321,-97.69007,0.0,1,1,0.45752576,0,5,24,30,24,30,0,0,0,0,0,0,0,0,0,0,0,1,1,1,0,0,0,0,0,0,0,0
0,503.00757,21.197437,-102.58559,-0.9791364,-97.2007,0.0,1,1,0.44941223,0,5,24,30,24,30,0,0,0,0,0,0,0,0,0,0,0,1,1,1,0,0,0,0,0,0,0,0
0,510.07782,21.071562,-101.73972,-1.0469509,-96.43639,0.0,1,1,0.44083047,0,5,24,30,24,30,0,0,0,0,0,0,0,0,0,0,0,1,1,1,0,0,0,0,0,0,0,0
0,517.02057,20.940063,-101.02066,-1.1122546,-95.37885,0.0,1,1,0.43184558,0,5,24,30,24,30,0,0,0,0,0,0,0,0,0,0,0,1,1,1,0,0,0,0,0,0,0,0
0,523.8313,20.803688,-100.46074,-1.1747602,-94.0059,0.0,1,1,0.42259938,0,5,24,30,24,30,0,0,0,0,0,0,0,0,0,0,0,1,1,1,0,0,0,0,0,0,0,0
0,530.5056,20.663189,-100.09231,-1.2338731,-92.29413,0.0,1,1,0.4132344,0,5,24,30,24,30,0,0,0,0,0,0,0,0,0,0,0,1,1,1,0,0,0,0,0,0,0,0
0,537.0388,20.519314,-99.94769,-1.2888517,-90.21831,0.0,1,1,0.40395188,0,5,24,30,24,30,0,0,0,0,0,0,0,0,0,0,0,1,1,1,0,0,0,0,0,0,0,0
0,543.4266,20.37281,-100.05926,-1.3383596,-87.75303,0.0,1,1,0.39503422,0,5,24,30,24,30,0,0,0,0,0,0,0,0,0,0,0,1,1,1,0,0,0,0,0,0,0,0
0,549.6643,20.224438,-100.459335,-1.3808668,-84.87678,0.0,1,1,0.38675445,0,5,24,30,24,30,0,0,0,0,0,0,0,0,0,0,0,1,1,1,0,0,0,0,0,0,0,0
0,555.74756,20.074938,-101.18028,-1.4143215,-81.57448,0.0,1,1,0.3795156,0,5,24,30,24,30,0,0,0,0,0,0,0,0,0,0,0,1,1,1,0,0,0,0,0,0,0,0
0,561.6718,19.925062,-102.25442,-1.4362508,-77.84326,0.0,1,1,0.37372217,0,5,24,30,24,30,0,0,0,0,0,0,0,0,0,0,0,1,1,1,0,0,0,0,0,0,0,0
0,567.43256,19.775562,-103.714096,-1.4440184,-73.69792,0.0,1,1,0.3698485,0,5,24,30,24,30,0,0,0,0,0,0,0,0,0,0,0,1,1,1,0,0,0,0,0,0,0,0
0,573.02527,19.627188,-105.591675,-1.4351361,-69.17764,0.0,1,1,0.3683959,0,5,24,30,24,30,0,0,0,0,0,0,0,0,0,0,0,1,1,1,0,0,0,0,0,0,0,0
0,578.44556,19.480686,-107.919495,-1.4076805,-64.34828,0.0,1,1,0.36985844,0,5,24,30,24,30,0,0,0,0,0,0,0,0,0,0,0,1,1,1,0,0,0,0,0,0,0,0
0,583.68884,19.336811,-110.72987,-1.3607922,-59.30202,0.0,1,1,0.37469894,0,5,24,30,24,30,0,0,0,0,0,0,0,0,0,0,0,1,1,1,0,0,0,0,0,0,0,0
0,588.75055,19.196312,-114.05518,-1.2951975,-54.15075,0.0,1,1,0.38330865,0,5,24,30,24,30,0,0,0,0,0,0,0,0,0,0,0,1,1,1,0,0,0,0,0,0,0,0
0,593.6263,19.059937,-117.927765,-1.2130238,-49.015747,0.0,1,1,0.39597565,0,5,24,30,24,30,0,0,0,0,0,0,0,0,0,0,0,1,1,1,0,0,0,0,0,0,0,0
0,598.3115,18.928438,-122.379944,-1.1178635,-44.011486,0.0,1,1,0.41286927,0,5,24,30,24,30,0,0,0,0,0,0,0,0,0,0,0,1,1,1,0,0,0,0,0,0,0,0
0,602.8018,18.802563,-127.44408,-1.0138352,-39.233543,0.0,1,1,0.4340324,0,5,24,30,24,30,0,0,0,0,0,0,0,0,0,0,0,1,1,1,0,0,0,0,0,0,0,0
0,607.0925,18.683064,-133.1525,-0.9051774,-34.754612,0.0,1,1,0.4594234,0,5,24,30,24,30,0,0,0,0,0,0,0,0,0,0,0,1,1,1,0,0,0,0,0,0,0,0
0,611.1793,18.570688,-139.53757,-0.79562247,-30.616325,0.0,1,1,0.488915,0,5,24,30,24,30,0,0,0,0,0,0,0,0,0,0,0,1,1,1,0,0,0,0,0,0,0,0
0,615.0575,18.466188,-146.63162,-0.6881667,-26.838478,0.0,1,1,0.5223359,0,5,24,30,24,30,0,0,0,0,0,0,0,0,0,0,0,1,1,1,0,0,0,0,0,0,0,0
0,618.7228,18.370312,-154.467,-0.5848471,-23.417862,0.0,1,1,0.55949587,0,5,24,30,24,30,0,0,0,0,0,0,0,0,0,0,0,1,1,1,0,0,0,0,0,0,0,0
0,622.17053,18.283813,-163.07605,-0.48701167,-20.340424,0.0,1,1,0.600194,0,5,24,30,24,30,0,0,0,0,0,0,0,0,0,0,0,1,1,1,0,0,0,0,0,0,0,0
0,625.3963,18.207438,-172.49112,-0.39534613,-17.582031,0.0,1,1,0.64424497,0,5,24,30,24,30,0,0,0,0,0,0,0,0,0,0,0,1,1,1,0,0,0,0,0,0,0,0
0,628.3955,18.141937,-182.74452,-0.31007376,-15.114815,0.0,1,1,0.6914726,0,5,24,30,24,30,0,0,0,0,0,0,0,0,0,0,0,1,1,1,0,0,0,0,0,0,0,0
0,631.1638,18.088064,-193.86865,-0.23113228,-12.911026,0.0,1,1,0.741732,0,5,24,30,24,30,0,0,0,0,0,0,0,0,0,0,0,1,1,1,0,0,0,0,0,0,0,0
0,633.69653,18.046564,-205.8958,-0.15824549,-10.9412155,0.0,1,1,0.7948721,0,5,24,30,24,30,0,0,0,0,0,0,0,0,0,0,0,1,1,1,0,0,0,0,0,0,0,0
0,635.98926,18.018188,-218.85834,-0.091021836,-9.179375,0.0,1,1,0.8507927,0,5,24,30,24,30,0,0,0,0,0,0,0,0,0,0,0,1,1,1,0,0,0,0,0,0,0,0
0,638.03754,18.003689,-232.78864,-0.02904417,-7.6022873,0.0,1,1,0.9093854,0,5,24,30,24,30,0,0,0,0,0,0,0,0,0,0,0,1,1,1,0,0,0,0,0,0,0,0
0,639.83093,18.003689,-247.36197,0.028520267,-6.439621,0.0,1,1,0.92609024,0,5,24,30,24,30,0,0,0,0,0,0,0,0,0,0,0,1,1,1,0,0,0,0,0,0,0,0
0,641.3523,18.018188,-261.88403,0.08611766,-5.5081024,0.0,1,1,0.8991637,0,5,24,30,24,30,0,0,0,0,0,0,0,0,0,0,0,1,1,1,0,0,0,0,0,0,0,0
0,642.589,18.046562,-276.00107,0.14419968,-4.489456,0.0,1,1,0.87229663,0,5,24,30,24,30,0,0,0,0,0,0,0,0,0,0,0,1,1,1,0,0,0,0,0,0,0,0
0,643.5336,18.088062,-289.7105,0.2027653,-3.3763733,0.0,1,1,0.84553385,0,5,24,30,24,30,0,0,0,0,0,0,0,0,0,0,0,1,1,1,0,0,0,0,0,0,0,0
0,644.1789,18.141937,-303.00983,0.26180938,-2.1596603,0.0,1,1,0.8189439,0,5,24,30,24,30,0,0,0,0,0,0,0,0,0,0,0,1,1,1,0,0,0,0,0,0,0,0
0,644.5175,18.207438,-315.8965,0.32135454,-0.82899475,0.0,1,1,0.7925797,0,5,24,30,24,30,0,0,0,0,0,0,0,0,0,0,0,1,1,1,0,0,0,0,0,0,0,0
0,644.5422,18.283813,-328.36804,0.38133422,0.6267624,0.0,1,1,0.7665194,0,5,24,30,24,30,0,0,0,0,0,0,0,0,0,0,0,1,1,1,0,0,0,0,0,0,0,0
0,644.24554,18.370312,-340.42184,0.44167992,2.2197723,0.0,1,1,0.74084663,0,5,24,30,24,30,0,0,0,0,0,0,0,0,0,0,0,1,1,1,0,0,0,0,0,0,0,0
0,643.62036,18.466187,-352.05542,0.5022495,3.9628448,0.0,1,1,0.7156668,0,5,24,30,24,30,0,0,0,0,0,0,0,0,0,0,0,1,1,1,0,0,0,0,0,0,0,0
0,642.6592,18.570686,-363.26624,0.56287485,5.8706512,0.0,1,1,0.6910814,0,5,24,30,24,30,0,0,0,0,0,0,0,0,0,0,0,1,1,1,0,0,0,0,0,0,0,0
0,641.35486,18.683064,-374.05176,0.623251,7.957222,0.0,1,1,0.6672281,0,5,24,30,24,30,0,0,0,0,0,0,0,0,0,0,0,1,1,1,0,0,0,0,0,0,0,0
0,639.69995,18.802563,-384.40942,0.6830032,10.2379,0.0,1,1,0.64425004,0,5,24,30,24,30,0,0,0,0,0,0,0,0,0,0,0,1,1,1,0,0,0,0,0,0,0,0
0,637.68726,18.928438,-394.3368,0.7416143,12.727478,0.0,1,1,0.62231153,0,5,24,30,24,30,0,0,0,0,0,0,0,0,0,0,0,1,1,1,0,0,0,0,0,0,0,0
0,635.3093,19.059937,-403.83124,0.79837954,15.439606,0.0,1,1,0.6016031,0,5,24,30,24,30,0,0,0,0,0,0,0,0,0,0,0,1,1,1,0,0,0,0,0,0,0,0
0,632.559,19.196312,-412.89023,0.85250854,18.385208,0.0,1,1,0.5823243,0,5,24,30,24,30,0,0,0,0,0,0,0,0,0,0,0,1,1,1,0,0,0,0,0,0,0,0
0,629.42896,19.336811,-421.5113,0.90286225,21.573257,0.0,1,1,0.56471574,0,5,24,30,24,30,0,0,0,0,0,0,0,0,0,0,0,1,1,1,0,0,0,0,0,0,0,0
0,625.91174,19.480686,-429.6919,0.9482744,25.005287,0.0,1,1,0.5490119,0,5,24,30,24,30,0,0,0,0,0,0,0,0,0,0,0,1,1,1,0,0,0,0,0,0,0,0
0,622.0001,19.62719,-437.42944,0.9873265,28.677155,0.0,1,1,0.53546214,0,5,24,30,24,30,0,0,0,0,0,0,0,0,0,0,0,1,1,1,0,0,0,0,0,0,0,0
0,617.68677,19.775562,-444.72144,1.0184869,32.573936,0.0,1,1,0.52433944,0,5,24,30,24,30,0,0,0,0,0,0,0,0,0,0,0,1,1,1,0,0,0,0,0,0,0,0
0,612.96436,19.925062,-451.56537,1.0404276,36.67153,0.0,1,1,0.5158764,0,5,24,30,24,30,0,0,0,0,0,0,0,0,0,0,0,1,1,1,0,0,0,0,0,0,0,0
0,607.8257,20.074938,-457.95868,1.0517691,40.933594,0.0,1,1,0.5103142,0,5,24,30,24,30,0,0,0,0,0,0,0,0,0,0,0,1,1,1,0,0,0,0,0,0,0,0
0,602.2633,20.224438,-463.89886,1.0515897,45.31456,0.0,1,1,0.507842,0,5,24,30,24,30,0,0,0,0,0,0,0,0,0,0,0,1,1,1,0,0,0,0,0,0,0,0
0,596.2699,20.372812,-469.3834,1.0394714,49.75885,0.0,1,1,0.5085969,0,5,24,30,24,30,0,0,0,0,0,0,0,0,0,0,0,1,1,1,0,0,0,0,0,0,0,0
0,589.83826,20.519314,-474.4097,1.0154918,54.20833,0.0,1,1,0.5126751,0,5,24,30,24,30,0,0,0,0,0,0,0,0,0,0,0,1,1,1,0,0,0,0,0,0,0,0
0,582.96106,20.663189,-478.97528,0.98035085,58.602158,0.0,1,1,0.5200835,0,5,24,30,24,30,0,0,0,0,0,0,0,0,0,0,0,1,1,1,0,0,0,0,0,0,0,0
0,575.631,20.803688,-483.07758,0.9352793,62.886826,0.0,1,1,0.5307935,0,5,24,30,24,30,0,0,0,0,0,0,0,0,0,0,0,1,1,1,0,0,0,0,0,0,0,0
0,567.84064,20.940063,-486.7141,0.8817926,67.013565,0.0,1,1,0.5446984,0,5,24,30,24,30,0,0,0,0,0,0,0,0,0,0,0,1,1,1,0,0,0,0,0,0,0,0
0,559.58276,21.071562,-489.8823,0.82169205,70.94649,0.0,1,1,0.56166786,0,5,24,30,24,30,0,0,0,0,0,0,0,0,0,0,0,1,1,1,0,0,0,0,0,0,0,0
0,550.8501,21.197437,-492.57962,0.75668913,74.65968,0.0,1,1,0.5815165,0,5,24,30,24,30,0,0,0,0,0,0,0,0,0,0,0,1,1,1,0,0,0,0,0,0,0,0
0,541.6352,21.316936,-494.80356,0.68843615,78.1373,0.0,1,1,0.6040537,0,5,24,30,24,30,0,0,0,0,0,0,0,0,0,0,0,1,1,1,0,0,0,0,0,0,0,0
0,531.9309,21.429312,-496.55157,0.6183421,81.37465,0.0,1,1,0.62908024,0,5,24,30,24,30,0,0,0,0,0,0,0,0,0,0,0,1,1,1,0,0,0,0,0,0,0,0
0,521.72974,21.533812,-497.82117,0.5476078,84.37323,0.0,1,1,0.6564023,0,5,24,30,24,30,0,0,0,0,0,0,0,0,0,0,0,1,1,1,0,0,0,0,0,0,0,0
0,511.02457,21.629688,-498.60974,0.47712007,87.14018,0.0,1,1,0.6858182,0,5,24,30,24,30,0,0,0,0,0,0,0,0,0,0,0,1,1,1,0,0,0,0,0,0,0,0
0,499.80798,21.716187,-498.9148,0.40757856,89.68698,0.0,1,1,0.7171634,0,5,24,30,24,30,0,0,0,0,0,0,0,0,0,0,0,1,1,1,0,0,0,0,0,0,0,0
0,488.07263,21.792562,-498.73383,0.33947888,-267.9727,0.0,1,1,0.75026536,0,5,24,30,24,30,0,0,0,0,0,0,0,0,0,0,0,1,1,1,0,0,0,0,0,0,0,0
0,475.81128,21.858063,-498.06427,0.27313694,-265.8246,0.0,1,1,0.7849808,0,5,24,30,24,30,0,0,0,0,0,0,0,0,0,0,0,1,1,1,0,0,0,0,0,0,0,0
0,463.01657,21.911936,-496.90363,0.20877181,-263.85327,0.0,1,1,0.8211746,0,5,24,30,24,30,0,0,0,0,0,0,0,0,0,0,0,1,1,1,0,0,0,0,0,0,0,0
0,449.6812,21.953436,-495.2493,0.14647606,-262.04385,0.0,1,1,0.85874027,0,5,24,30,24,30,0,0,0,0,0,0,0,0,0,0,0,1,1,1,0,0,0,0,0,0,0,0
0,435.79788,21.981812,-493.09882,0.08627916,-260.38293,0.0,1,1,0.8975599,0,5,24,30,24,30,0,0,0,0,0,0,0,0,0,0,0,1,1,1,0,0,0,0,0,0,0,0
0,421.35925,21.996311,-490.44965,0.028171368,-258.8567,0.0,1,1,0.93755984,0,5,24,30,24,30,0,0,0,0,0,0,0,0,0,0,0,1,1,1,0,0,0,0,0,0,0,0
0,406.62247,22.011063,-487.47205,0.08412962,-258.29883,0.0,1,1,0.9417637,0,5,24,30,24,30,0,0,0,0,0,0,0,0,0,0,0,1,1,1,0,0,0,0,0,0,0,0
0,392.11096,22.054562,-484.50317,0.2553593,-258.58112,0.0,1,1,0.90976125,0,5,24,30,24,30,0,0,0,0,0,0,0,0,0,0,0,1,1,1,0,0,0,0,0,0,0,0
0,378.08453,22.139687,-481.69806,0.42963916,-258.80426,0.0,1,1,0.87829745,0,5,24,30,24,30,0,0,0,0,0,0,0,0,0,0,0,1,1,1,0,0,0,0,0,0,0,0
0,364.53903,22.264187,-479.03592,0.606982,-258.96106,0.0,1,1,0.8473557,0,5,24,30,24,30,0,0,0,0,0,0,0,0,0,0,0,1,1,1,0,0,0,0,0,0,0,0
0,351.47034,22.425812,-476.49597,0.7874093,-259.04327,0.0,1,1,0.8169237,0,5,24,30,24,30,0,0,0,0,0,0,0,0,0,0,0,1,1,1,0,0,0,0,0,0,0,0
0,338.87433,22.622313,-474.0573,0.9709374,-259.04248,0.0,1,1,0.78700215,0,5,24,30,24,30,0,0,0,0,0,0,0,0,0,0,0,1,1,1,0,0,0,0,0,0,0,0
0,326.7469,22.851437,-471.69922,1.1575607,-258.9488,0.0,1,1,0.75758743,0,5,24,30,24,30,0,0,0,0,0,0,0,0,0,0,0,1,1,1,0,0,0,0,0,0,0,0
0,315.0839,23.110937,-469.40088,1.3472551,-258.75104,0.0,1,1,0.72868544,0,5,24,30,24,30,0,0,0,0,0,0,0,0,0,0,0,1,1,1,0,0,0,0,0,0,0,0
0,303.88123,23.398563,-467.1414,1.5399791,-258.43658,0.0,1,1,0.7003079,0,5,24,30,24,30,0,0,0,0,0,0,0,0,0,0,0,1,1,1,0,0,0,0,0,0,0,0
0,293.1347,23.712063,-464.90002,1.7355564,-257.99194,0.0,1,1,0.67248166,0,5,24,30,24,30,0,0,0,0,0,0,0,0,0,0,0,1,1,1,0,0,0,0,0,0,0,0
0,282.84027,24.049189,-462.65594,1.9338175,-257.40082,0.0,1,1,0.64523715,0,5,24,30,24,30,0,0,0,0,0,0,0,0,0,0,0,1,1,1,0,0,0,0,0,0,0,0
0,272.99377,24.407688,-460.3883,2.1343393,-256.64536,0.0,1,1,0.6186184,0,5,24,30,24,30,0,0,0,0,0,0,0,0,0,0,0,1,1,1,0,0,0,0,0,0,0,0
0,263.59106,24.785313,-458.07635,2.33661,-255.70639,0.0,1,1,0.5926892,0,5,24,30,24,30,0,0,0,0,0,0,0,0,0,0,0,1,1,1,0,0,0,0,0,0,0,0
0,254.62807,25.179813,-455.69922,2.5397356,-254.5612,0.0,1,1,0.56752706,0,5,24,30,24,30,0,0,0,0,0,0,0,0,0,0,0,1,1,1,0,0,0,0,0,0,0,0
0,246.10065,25.588938,-453.2361,2.742476,-253.18639,0.0,1,1,0.54323524,0,5,24,30,24,30,0,0,0,0,0,0,0,0,0,0,0,1,1,1,0,0,0,0,0,0,0,0
0,238.00464,26.010437,-450.66623,2.9430344,-251.55609,0.0,1,1,0.5199412,0,5,24,30,24,30,0,0,0,0,0,0,0,0,0,0,0,1,1,1,0,0,0,0,0,0,0,0
0,230.33594,26.442062,-447.96875,3.1389236,-249.64326,0.0,1,1,0.49779433,0,5,24,30,24,30,0,0,0,0,0,0,0,0,0,0,0,1,1,1,0,0,0,0,0,0,0,0
0,223.09045,26.881563,-445.12286,3.3267856,-247.42143,0.0,1,1,0.47698307,0,5,24,30,24,30,0,0,0,0,0,0,0,0,0,0,0,1,1,1,0,0,0,0,0,0,0,0
0,216.26402,27.326689,-442.1078,3.5021114,-244.8656,0.0,1,1,0.45773703,0,5,24,30,24,30,0,0,0,0,0,0,0,0,0,0,0,1,1,1,0,0,0,0,0,0,0,0
0,209.85252,27.775188,-438.90265,3.6592708,-241.95648,0.0,1,1,0.4403034,0,5,24,30,24,30,0,0,0,0,0,0,0,0,0,0,0,1,1,1,0,0,0,0,0,0,0,0
0,203.85184,28.224812,-435.4867,3.7913806,-238.68274,0.0,1,1,0.42498413,0,5,24,30,24,30,0,0,0,0,0,0,0,0,0,0,0,1,1,1,0,0,0,0,0,0,0,0
0,198.25784,28.673313,-431.83905,3.8906088,-235.04742,0.0,1,1,0.41208798,0,5,24,30,24,30,0,0,0,0,0,0,0,0,0,0,0,1,1,1,0,0,0,0,0,0,0,0
0,193.0664,29.118437,-427.93896,3.9486704,-231.07115,0.0,1,1,0.40195426,0,5,24,30,24,30,0,0,0,0,0,0,0,0,0,0,0,1,1,1,0,0,0,0,0,0,0,0
0,188.2734,29.557938,-423.76562,3.9579144,-226.79729,0.0,1,1,0.39490658,0,5,24,30,24,30,0,0,0,0,0,0,0,0,0,0,0,1,1,1,0,0,0,0,0,0,0,0
0,183.87473,29.989563,-419.29816,3.9124541,-222.2929,0.0,1,1,0.3912415,0,5,24,30,24,30,0,0,0,0,0,0,0,0,0,0,0,1,1,1,0,0,0,0,0,0,0,0
0,179.86623,30.411062,-414.51578,3.8097427,-217.64545,0.0,1,1,0.39119142,0,5,24,30,24,30,0,0,0,0,0,0,0,0,0,0,0,1,1,1,0,0,0,0,0,0,0,0
0,176.2438,30.820187,-409.3977,3.6510475,-212.95663,0.0,1,1,0.39492014,0,5,24,30,24,30,0,0,0,0,0,0,0,0,0,0,0,1,1,1,0,0,0,0,0,0,0,0
0,173.0033,31.214685,-403.92307,3.4419813,-208.33142,0.0,1,1,0.40247923,0,5,24,30,24,30,0,0,0,0,0,0,0,0,0,0,0,1,1,1,0,0,0,0,0,0,0,0
0,170.14061,31.59231,-398.0711,3.1914375,-203.86569,0.0,1,1,0.4138342,0,5,24,30,24,30,0,0,0,0,0,0,0,0,0,0,0,1,1,1,0,0,0,0,0,0,0,0
0,167.65161,31.950811,-391.821,2.9101532,-199.63844,0.0,1,1,0.42886764,0,5,24,30,24,30,0,0,0,0,0,0,0,0,0,0,0,1,1,1,0,0,0,0,0,0,0,0
0,165.53217,32.287933,-385.15192,2.609245,-195.70569,0.0,1,1,0.44738656,0,5,24,30,24,30,0,0,0,0,0,0,0,0,0,0,0,1,1,1,0,0,0,0,0,0,0,0
0,163.77817,32.601433,-378.04303,2.2990308,-192.10046,0.0,1,1,0.46916553,0,5,24,30,24,30,0,0,0,0,0,0,0,0,0,0,0,1,1,1,0,0,0,0,0,0,0,0
0,162.38547,32.88906,-370.47357,1.9876586,-188.8343,0.0,1,1,0.49396393,0,5,24,30,24,30,0,0,0,0,0,0,0,0,0,0,0,1,1,1,0,0,0,0,0,0,0,0
0,161.34998,33.14856,-362.42273,1.6815937,-185.90378,0.0,1,1,0.5215367,0,5,24,30,24,30,0,0,0,0,0,0,0,0,0,0,0,1,1,1,0,0,0,0,0,0,0,0
0,160.66754,33.377686,-353.86966,1.3852427,-183.29349,0.0,1,1,0.5516588,0,5,24,30,24,30,0,0,0,0,0,0,0,0,0,0,0,1,1,1,0,0,0,0,0,0,0,0
0,160.33403,33.57419,-344.79355,1.1012548,-180.9815,0.0,1,1,0.58412075,0,5,24,30,24,30,0,0,0,0,0,0,0,0,0,0,0,1,1,1,0,0,0,0,0,0,0,0
0,160.34534,33.73581,-335.17358,0.83125734,-178.94257,0.0,1,1,0.6187389,0,5,24,30,24,30,0,0,0,0,0,0,0,0,0,0,0,1,1,1,0,0,0,0,0,0,0,0
0,160.69733,33.860313,-324.98898,0.57583606,-177.15016,0.0,1,1,0.6553502,0,5,24,30,24,30,0,0,0,0,0,0,0,0,0,0,0,1,1,1,0,0,0,0,0,0,0,0
0,161.3859,33.94544,-314.2189,0.33482218,-175.57849,0.0,1,1,0.69383013,0,5,24,30,24,30,0,0,0,0,0,0,0,0,0,0,0,1,1,1,0,0,0,0,0,0,0,0
0,162.40689,33.988937,-302.84253,0.10793603,-174.20331,0.0,1,1,0.73404807,0,5,24,30,24,30,0,0,0,0,0,0,0,0,0,0,0,1,1,1,0,0,0,0,0,0,0,0
